01234
10234
20134
02134
12034
21034
31024
13024
03124
30124
10324
01324
02314
20314
30214
03214
23014
32014
32104
23104
13204
31204
21304
12304
42301
24301
34201
43201
23401
32401
02431
20431
40231
04231
24031
42031
43021
34021
04321
40321
30421
03421
03241
30241
20341
02341
32041
23041
13042
31042
01342
10342
30142
03142
43102
34102
14302
41302
31402
13402
10432
01432
41032
14032
04132
40132
40312
04312
34012
43012
03412
30412
20413
02413
42013
24013
04213
40213
10243
01243
21043
12043
02143
20143
24103
42103
12403
21403
41203
14203
14023
41023
01423
10423
40123
04123
34120
43120
13420
31420
41320
14320
24310
42310
32410
23410
43210
34210
31240
13240
23140
32140
12340
21340
21430
12430
42130
24130
14230
41230
